
0013323|20231128|01|N185|1|à¸§33985|3360400778744|661128024659
0013323|20231128|01|Z760|2|à¸§33985|3360400778744|661128024659
0272743|20231128|01|N185|1|à¸§33985|3361100072430|661128024720
0272743|20231128|01|Z760|2|à¸§33985|3361100072430|661128024720
0122614|20231128|01|N185|1|à¸§33985|3361000984551|661128024739
0122614|20231128|01|Z760|2|à¸§33985|3361000984551|661128024739
0295014|20231128|01|N185|1|à¸§33985|3361200379359|661128024909
0295014|20231128|01|Z760|2|à¸§33985|3361200379359|661128024909
0192251|20231128|01|N185|1|à¸§33985|3361100033256|661128024935
0192251|20231128|01|Z760|2|à¸§33985|3361100033256|661128024935
0165075|20231128|01|N185|1|à¸§33985|3361000975063|661128024959
0165075|20231128|01|Z760|2|à¸§33985|3361000975063|661128024959
0092407|20231128|01|N185|1|à¸§33985|3361000184066|661128025148
0092407|20231128|01|Z760|2|à¸§33985|3361000184066|661128025148
0142288|20231128|01|N185|1|à¸§33985|5360190021479|661128025208
0142288|20231128|01|Z760|2|à¸§33985|5360190021479|661128025208
0308806|20231128|01|N185|1|à¸§33985|3361100162421|661128025229
0308806|20231128|01|Z760|2|à¸§33985|3361100162421|661128025229
0372650|20231128|01|N185|1|à¸§33985|3361300354773|661128025256
0372650|20231128|01|Z760|2|à¸§33985|3361300354773|661128025256
0232581|20231128|01|I10|1|à¸§33985|3361000275215|661128071049
0232581|20231128|01|N183|2|à¸§33985|3361000275215|661128071049
0043622|20231128|01|I10|1|à¸§33985|3361000010297|661128071114
0043622|20231128|01|E789|2|à¸§33985|3361000010297|66112807111

0043622|20231128|01|I10|4|à¸§33985|3361000010297|661128071
00
0053750|20231128|01|E119|1|à¸§33985|3361000975942|6611280
0053
0053750|20231128|01|I10|2|à¸§33985|3361000975942|66112
014519
0145195|20231128|01|I129|1|à¸§33985|3361000061681|661
0145195|
0145195|20231128|01|E112|2|à¸§33985|3361000061681|6
0046035|20
0046035|20231128|11|K041|1|à¸§33985|3361000147764
0046035|2023
0046035|20231128|11|8931|2|à¸§33985|33610001477
0063870|202311
0063870|20231128|01|E119|1|à¸§33985|336100027
0063870|20231128
0063870|20231128|01|I10|2|à¸§33985|3361000
0103334|20231128|0
0103334|20231128|01|E119|1|à¸§33985|53610
0356776|20231128|01|
0356776|20231128|01|E119|1|à¸§33985|336
0356776|20231128|01|I1
0356776|20231128|01|I10|2|à¸§33985|3
0371670|20231128|02|Z090
0371670|20231128|02|Z090|1|à¸§33985
0023032|20231128|01|I10|1|
0023032|20231128|01|I10|1|à¸§339
0023032|20231128|01|E789|2|Ç
0023032|20231128|01|E789|2|à¸§3
0023032|20231128|01|I10|4|Ç339
0023032|20231128|01|I10|4|à¸
0053654|20231128|02|K291|1|Ç3398
0053654|20231128|02|K291|1|
0053654|20231128|02|K29|4||2361000
0053654|20231128|0
0049222|20231128|01|E789|1|Ç33985|
0049222|20231128|01|E789|
0049222|20231128|01|I10|2|Ç33985|336
0049222|20231128|01|I1
0229015|20231128|01|J209|1|Ç33985|1361
0229015|20231128|01|J
0280201|20231128|01|I500|1|Ç33985|336040
0280201|20231128|01
0280201|20231128|01|E119|2|Ç33985|33604006
0280201|20231128|
0133761|20231128|08|M4806|1|Ç33985|336040012
0133761|20231128
0044801|20231128|01|E119|1|Ç33985|336100022383
0044801|20231
0044801|20231128|01|E785|2|Ç33985|3361000223835|
0044801|202
0085069|20231128|17|M7986|1|Ç33985|3361000134271|6
0085069|20
0085069|20231128|17|M79|4|Ç33985|3361000134271|66112
008506
0310451|20231128|08|M4806|1|Ç33985|3360400308110|66112
031045
0010552|20231128|11|Z128|1|Ç33985|3361000075119|66112807
001
0010552|20231128|11|2309|2|Ç33985|3361000075119|6611280747
0
0139651|20231128|17|Z090|1|Ç33985|3361001052201|661128075715
0139651|20231128|17|Z09|4|Ç69577|3361001052201|661128075715
0018019|20231128|01|E785|1|Ç33985|3361000183337|661128080215
0016443|20231128|01|E119|1|Ç33985|3401500574326|661128081744
0016443|20231128|01|N183|2|Ç33985|3401500574326|661128081744
0252774|20231128|08|M4797|1|Ç33985|3360100578472|661128081845
0252774|20231128|08|M47|4|Ç33985|3360100578472|661128081845
0063747|20231128|01|B009|1|Ç33985|1361000084251|661128083122
0022714|20231128|18|M5455|1|Ç33980|3361000184082|661128083355
0022714|20231128|18|M54|4|Ç33980|3361000184082|661128083355
0152003|20231128|18|M7911|1|Ç33980|1361000223014|661128083405
0152003|20231128|18|M79|4|Ç33980|1361000223014|661128083405
0024686|20231128|07|H041|1|Ç33985|3361000638954|661128083656
0126356|20231128|07|H401|1|Ç33985|3360400020698|661128083947
0126356|20231128|07|Z135|2|Ç33985|3360400020698|661128083947
0026607|20231128|23|Z236|1|Ç33985|5361090027221|661128084005
0026607|20231128|23|9929|2|Ç69577|5361090027221|661128084005
0094378|20231128|07|H041|1|Ç33980|3400500028291|661128084348
0095331|20231128|18|M5455|1|Ç33980|3360400025703|661128090123
0095331|20231128|18|M54|4|Ç33980|3360400025703|661128090123
0019913|20231128|18|M7911|1|Ç33980|3360100584774|661128090441
0019913|20231128|18|M79|4|Ç33980|3360100584774|661128090441
0010788|20231128|18|M5455|1|Ç33980|3499900559259|661128091226
0010788|20231128|18|M54|4|Ç33980|3499900559259|661128091226
0086958|20231128|01|J069|1|Ç33985|5361000032734|661128092500
0086054|20231128|18|Z392|1|Ç33980|1361000302852|661128092728
0086054|20231128|18|Z39|4|Ç33980|1361000302852|661128092728
0231898|20231128|17|M512|1|Ç33985|3361000162046|661128093858
0274448|20231128|01|I10|1|Ç33985|3361100004353|661128094605
0274448|20231128|01|E785|2|Ç33985|3361100004353|661128094605
0114152|20231128|01|K810|1|Ç33985|3361000023291|661128095106
0114152|20231128|01|C249|2|Ç33985|3361000023291|661128095106
0280183|20231128|08|M4806|1|Ç33985|3361000687467|661128100523
0006684|20231128|23|Z480|1|Ç33985|3361000024778|661128102223
0006684|20231128|23|9357|2|Ç33985|3361000024778|661128102223
0003976|20231128|17|I64|1|Ç69577|3361000669396|661128102922
0003976|20231128|17|G819|2|Ç69577|3361000669396|661128102922
0003976|20231128|17|I64|4|Ç69577|3361000669396|661128102922
0169297|20231128|18|M7911|1|Ç33980|3360300181088|661128102946
0169297|20231128|18|M79|4|Ç33980|3360300181088|661128102946
0025554|20231128|11|K0408|1|Ç33985|3361000453890|661128104708
0025554|20231128|11|8931|2|Ç33985|3361000453890|661128104708
0305210|20231128|05|J00|1|Ç33985|1368400240338|661128105007
0304181|20231128|11|Z012|1|Ç33985|3100901648420|661128110402
0304181|20231128|11|9654|2|Ç33985|3100901648420|661128110402
0067689|20231128|23|Z236|1|Ç33985|5361090027247|661128113538
0067689|20231128|23|9929|2|Ç69577|5361090027247|661128113538
0289043|20231128|05|J101|1|Ç33985|1368400222275|661128123305
0289043|20231128|05|J304|2|Ç33985|1368400222275|661128123305
0221511|20231128|11|K116|1|Ç33985|1368400136280|661128124706
0221511|20231128|11|2743|2|Ç33985|1368400136280|661128124706
0191371|20231128|11|Z012|1|Ç33985|1368400093653|661128124841
0191371|20231128|11|8931|2|Ç33985|1368400093653|661128124841
0192430|20231128|11|K021|1|Ç33985|3140800136776|661128125256
0192430|20231128|11|8931|2|Ç33985|3140800136776|661128125256
0094306|20231128|18|M6266|1|Ç33980|3360400646619|661128125439
0094306|20231128|18|M62|4|Ç33980|3360400646619|661128125439
0098756|20231128|18|M7911|1|Ç33980|3209700175017|661128125503
0098756|20231128|18|M79|4|Ç33980|3209700175017|661128125503
0245732|20231128|01|J069|1|Ç33985|3360400163910|661128130409
0057120|20231128|18|M7911|1|Ç33980|3360400912483|661128131032
0057120|20231128|18|M79|4|Ç33980|3360400912483|661128131032
0063382|20231128|01|R509|1|Ç33985|1361000211326|661128131457
0023578|20231128|18|M7911|1|Ç33980|1361000119853|661128134555
0023578|20231128|18|M79|4|Ç33980|1361000119853|661128134555
0038865|20231128|18|M7911|1|Ç33980|3400500493902|661128134948
0038865|20231128|18|M79|4|Ç33980|3400500493902|661128134948
0050801|20231128|04|Z768|1|Ç33985|3361000689737|661128142224
0129204|20231128|01|F510|1|Ç33985|1361000037865|661128142609
0032839|20231128|01|Z760|1|Ç33985|3361000462180|661128144131
0245731|20231128|01|J111|1|Ç33985|1361000085487|661128150601
0269782|20231128|23|Z242|1|Ç33985|1409904413481|661128152655
0269060|20231128|11|K021|1|Ç33985|1360401319127|661128155733
0269060|20231128|11|247|2|Ç33985|1360401319127|661128155733
0191294|20231128|11|K0538|1|Ç33985|3360400561974|661128160409
0191294|20231128|11|9654|2|Ç33985|3360400561974|661128160409
0073125|20231128|11|K0310|1|Ç33985|3361000264272|661128161521
0073125|20231128|11|8931|2|Ç33985|3361000264272|661128161521
0181384|20231128|11|K0538|1|Ç33985|3440500753866|661128162858
0181384|20231128|11|9654|2|Ç33985|3440500753866|661128162858
0082158|20231128|11|K032|1|Ç33985|3360400753792|661128162951
0082158|20231128|11|8931|2|Ç33985|3360400753792|661128162951
0156816|20231128|17|Z509|1|Ç69577|3361000311637|661128163250
0156816|20231128|17|Z50|4|Ç69577|3361000311637|661128163250
0162401|20231128|02|S700|1|Ç33985|3361000620346|661128163422
0162401|20231128|02|Z235|2|Ç33985|3361000620346|661128163422
0162401|20231128|02|S70|5|Ç33985|3361000620346|661128163422
0001413|20231128|18|M179|1|Ç33980|3361000638865|661128163602
0001413|20231128|18|M17|4|Ç33980|3361000638865|661128163602
0021644|20231128|18|S731|1|Ç33980|1100699000081|661128163739
0021644|20231128|18|S73|4|Ç33980|1100699000081|661128163739
0262260|20231128|11|K0888|1|Ç33985|1368400191370|661128163852
0262260|20231128|11|247|2|Ç33985|1368400191370|661128163852
0093417|20231128|20|J069|1|Ç33985|3360100966758|661128163950
0093417|20231128|20|M6268|2|Ç33985|3360100966758|661128163950
0310717|20231128|05|J459|1|Ç33985|1409904667939|661128170034
0310717|20231128|05|J304|2|Ç33985|1409904667939|661128170034
0310717|20231128|05|J45|4|Ç33985|1409904667939|661128170034
0003290|20231128|20|J00|1|Ç33985|1361000216425|661128170150
0368369|20231128|11|K0530|1|Ç33985|3440200260929|661128170426
0368369|20231128|11|2309|2|Ç33985|3440200260929|661128170426
0150706|20231128|18|M6002|1|Ç33980|3350700165896|661128171907
0150706|20231128|18|M60|4|Ç33980|3350700165896|661128171907
0210716|20231128|20|S52500|1|Ç33985|1368400120014|661128172608
0210716|20231128|20|9391|2|Ç33985|1368400120014|661128172608
0210716|20231128|20|S52|5|Ç33985|1368400120014|661128172608
0200762|20231128|11|Z012|1|Ç33985|3360400805091|661128173306
0200762|20231128|11|8931|2|Ç33985|3360400805091|661128173306
0019782|20231128|20|J00|1|Ç33985|3361000544488|661128173641
0069219|20231128|17|Z509|1|Ç69577|1409901384561|661128175114
0069219|20231128|17|Z50|4|Ç69577|1409901384561|661128175114
0243501|20231128|05|J209|1|Ç33985|1409600554883|661128182413
0292464|20231128|05|J304|1|Ç33985|1309904666917|661128184922
0292464|20231128|05|J00|2|Ç33985|1309904666917|661128184922
0091074|20231128|02|T172|1|Ç33985|3361000672699|661128185729
0091074|20231128|02|9391|2|Ç33985|3361000672699|661128185729
0091074|20231128|02|T17|5|Ç33985|3361000672699|66112818572905|J304|1|à¸§33985|1309904666917|661128184922
0292464|20231128|05|J00|2|à¸§33985|1309904666917|661128184922
0091074|20231128|02|T172|1|à¸§33985|3361000672699|661128185729
0091074|20231128|02|9391|2|à¸§33985|3361000672699|661128185729
0091074|20231128|02|T17|5|à¸§33985|3361000672699|661128185729