
0046035|20231128|11|8931|ว33985|3361000147764|661128072113
0053654|20231128|02|4516|ว33980|2361000002415|661128073027
0085069|20231128|17|9312|ว33985|3361000134271|661128074538
0010552|20231128|11|2309|ว33985|3361000075119|661128074747
0139651|20231128|17|9382|ว69577|3361001052201|661128075715
0252774|20231128|08|9382|ว33985|3360100578472|661128081845
0026607|20231128|23|9929|ว69577|5361090027221|661128084005
0006684|20231128|23|9357|ว33985|3361000024778|661128102223
0003976|20231128|17|9334|ว69577|3361000669396|661128102922
0025554|20231128|11|8931|ว33985|3361000453890|661128104708
0304181|20231128|11|9654|ว33985|3100901648420|661128110402
0067689|20231128|23|9929|ว69577|5361090027247|661128113538
0221511|20231128|11|2743|ว33985|1368400136280|661128124706
0191371|20231128|11|8931|ว33985|1368400093653|661128124841
0192430|20231128|11|8931|ว33985|3140800136776|661128125256
0269060|20231128|11|247|ว33985|1360401319127|661128155733
0191294|20231128|11|9654|ว33985|3360400561974|661128160409
0073125|20231128|11|8931|ว33985|3361000264272|661128161521
0181384|20231128|11|9654|ว33985|3440500753866|661128162858
0082158|20231128|11|8931|ว33985|3360400753792|661128162951
0156816|20231128|17|9335|ว69577|3361000311637|661128163250
0262260|20231128|11|247|ว33985|1368400191370|66112816385

0310717|20231128|05|9391|ว33985|1409904667939|661128170
03
0368369|20231128|11|2309|ว33985|3440200260929|6611281
0210
0210716|20231128|20|9391|ว33985|1368400120014|66112
020076
0200762|20231128|11|8931|ว33985|3360400805091|661
0069219|
0069219|20231128|17|9334|ว69577|1409901384561|6
0091074|20
0091074|20231128|02|9391|ว33985|3361000672699|661128185729