
10978|0372662||20|3360400222932|20231126|1490317|AIR-X TAB. 80 mg. tab.|30|1|0.00|101254000053991120381775|tab.|1xtab.|661126082915||||1||||
10978|0372662||20|3360400222932|20231126|1000223|OMEPRAZOLE CAP 20 mg. ‡πÄ‡∏°‡πá‡∏î|30|1.5|0.00|101343000003721120181421|‡πÄ‡∏°‡πá‡∏î|350x‡πÄ‡∏°‡πá‡∏î|661126082915||||1||||
10978|0372662||20|3360400222932|20231126|1460567|ALUM MILK (NED) .. mg. ‡∏Ç‡∏ß‡∏î (240 ml.)|2|18.5|0.00|201020140017680130481438|‡∏Ç‡∏ß‡∏î (240 ml.)|1x‡∏Ç‡∏ß‡∏î (240 ml.)|661126082915|EB|||1||||
10978|0372662||20|3360400222932|20231126|1480022|‡∏Ç‡∏°‡∏¥‡πâ‡∏ô‡∏ä‡∏±‡∏ô  ‡πÅ‡∏Ñ‡∏õ‡∏ã‡∏π‡∏• 500 mg. ‡πÅ‡∏Ñ‡πá‡∏ö‡∏ã‡∏π‡∏•|40|1|0.00|410000000100000020121431|‡πÅ‡∏Ñ‡πá‡∏ö‡∏ã‡∏π‡∏•|1x‡πÅ‡∏Ñ‡πá‡∏ö‡∏ã‡∏π‡∏•|661126082915||||1||||
10978|0204052||20|1368400109568|20231126|1570512|Mydocalm (NED) 50 mg. tab.|20|1|0.00|100411133003850120381169|tab.|1000xtab.|661126132640|EB|||1||||
10978|0204052||20|1368400109568|20231126|1000227|PARACETAMOL TAB. 500 mg. tab.|20|0.5|0.00|100752000004493120381176|tab.|10xtab.|661126132640||||1||||
10978|0204052||20|1368400109568|20231126|1000051|BROMHEXINE (NED) 8 mg. tab.|20|0.5|0.00|101158000003613120381625|tab.|1xtab.|661126132640|EB|||1||||
10978|0204052||20|1368400109568|20231126|1490330|OSELTAMIVIR 75 mg. ‡πÅ‡∏Ñ‡πá‡∏ö‡∏ã‡∏π‡∏•|10|31|0.00|140980000003972120181506|‡πÅ‡∏Ñ‡πá‡∏ö‡∏ã‡∏π‡∏•|10x‡πÅ‡∏Ñ‡πá‡∏ö‡∏ã‡∏π‡∏•|661126132640||||1||||
10978|0204052||20|1368400109568|20231126|1550025|‡∏¢‡∏≤‡∏ô‡πâ‡∏≥‡πÅ‡∏Å‡πâ‡πÑ‡∏≠‡∏°‡∏∞‡∏Ç‡∏≤‡∏°‡∏õ‡πâ‡∏≠‡∏° .. .. ‡∏Ç‡∏ß‡∏î (60 ml)|2|7.5|0.00|201120320037726221781506|‡∏Ç‡∏ß‡∏î (60 ml)|1x‡∏Ç‡∏ß‡
10978|0002082||20|3361001044829
10978|0002082||20|3361001044829|20231126|1570512|Mydocalm (NED) 50 mg. tab.|30|1|0.00|100411133003850120381169|tab.|1
10978|0002082||20|3361001044829
10978|0002082||20|3361001044829|20231126|1560031|CELECOXIB (NED)(R) 200 mg. capsule|30|21.5|0.00|124109000004203120181735|capsule|100
10978|0002082||20|3361001044829
10978|0002082||20|3361001044829|20231126|1000036|ANALGESIC BALM 25 g. ‡∏´‡∏•‡∏≠‡∏î|3|11|0.00|213020100022240240
10978|0066487||20|1361000178442|20231126|1500004|NORFLO
10978|0066487||20|1361000178442|20231126|1500004|NORFLOXACIN TAB. 400 mg. tab.|10|1.5|0.00|1001
10978|0066487||20|1361000178442|20231126|1000227|PARACE
10978|0066487||20|1361000178442|20231126|1000227|PARACETAMOL TAB. 500 mg. tab.|20|0.5|0.00|100
10978|0066487||20|1361000178442|20231126|1490317|AIR-X 
10978|0066487||20|1361000178442|20231126|1490317|AIR-X TAB. 80 mg. tab.|20|1|0.00|10
10978|0066487||20|1361000178442|20231126|1000219|ORS (º
10978|0066487||20|1361000178442|20231126|1000219|ORS (‡∏ú‡∏π‡πâ‡πÉ‡∏´‡∏ç‡πà) 4.253 g. ‡∏ã
10978|0223971||23|3400500367273|20231126|1000259|RABIES VACCINES (√“§“µËÕ0.1ml) 2.5 iu.
10978|0223971||23|3400500367273|20231126|1000259|RABIES VACCINES (‡∏£‡∏≤‡∏Ñ‡∏≤
10978|0063747||01|1361000084251|20231126|1000227|PARACETAMOL TAB. 500 mg. tab.|20|0.5|0.00|1007520000
10978|0063747||01|1361000084251|20231126|1000227
10978|0063747||01|1361000084251|20231126|1000051|BROMHEXINE (NED) 8 mg. tab.|20|0.5|0.00|101158000003
10978|0063747||01|1361000084251|20231126|100005
10978|0063747||01|1361000084251|20231126|1550025|¬“πÈ”·°È‰Õ¡–¢“¡ªÈÕ¡ .. .. ¢«¥ (60 ml)|2|7.5|0.00|201
10978|0063747||01|1361000084251|20231126|1550025|‡∏¢‡∏≤‡∏ô‡πâ‡∏≥‡πÅ‡
10978|0063747||01|1361000084251|20231126|1500114|AUGMENTIN (AMOXICILLIN/CLAVULANIC) 1 g. tab.|14|6|0.00|210010310018473121781506|tab.|10xtab.|661126164314|||
10978
10978|0111981||01|3361000178643|20231126|1530025|betahistine 12 mg. tab.|20|1.5|0.00|100651000003640120381457|tab.|100xtab.|661126182616||||1||||
10978|0111981||01|3361000178643|20231126|1430202|DIMENHYDRINATE INJ. 50 mg./ml. Amp.|1|4|0.00|101313000001171210181592|Amp.|1xAmp.|661126182616||||1||||
10978|0111981||01|3361000178643|20231126|1000115|DIMENHYDRINATE TAB. 50 mg. tab.|20|0.5|0.00|101313000003850120381506|tab.|1xtab.|661126182616||||1||||
10978|0111981||01|3361000178643|20231126|1450020|DOMPERIDONE 10 mg. tab.|20|1|0.00|101314000003620120381421|tab.|1xtab.|661126182616||||1||||
10978|0111981||01|3361000178643|20231126|1460016|METOCLOPRAMIDE INJ. 10 mg./2ml Amp. (2 ml.)|1|3.75|0.00|101322000000700210181506|Amp. (2 ml.)|1xAmp. (2 ml.)
10978|0111981||01|336
10978|0239500||05|1409904230026|20231126|1000002|CHLORPHENIRAMINE TAB. 4 mg. tab.|20|0.5|0.00|100008190003471120381506|tab.|1xtab.|661126185500||||1||||
10978|0239500||05|1409904230026|20231126|1500103|PSEUDOEPHEDRINE 60 mg. tab.|10|1.5|0.00|100422133003910121714190|tab.|1000xtab.|661126185500||||1||||
10978|0239500||05|1409904230026|20231126|1000226|PARACETAMOL TAB. 325 mg. tab.|20|0.5|0.00|100752000004350220381169|tab.|10xtab.|661126185500||||1||||
10978|0239500||05|1409904230026|20231126|1000051|BROMHEXINE (NED) 8 mg. tab.|20|0.5|0.00|101158000003613120381625|tab.|1xtab.|661126185500|EC|||1||||
10978|0239500||05|1409904230026|20231126|1000309|M. TUSSIS 60 ml. ¢«¥|1|10.5|0.00|218050420749999930481506|¢«¥|1x¢«¥|661126185500||||1||||26185500|EC|||1||||
10978|0239500||05|1409904230026|20231126|1000309|M. TUSSIS 60 ml. ‡∏Ç‡∏ß‡∏î|1|10.5|0.00|218050420749999930481506|‡∏Ç‡∏ß‡∏î|1x‡∏Ç‡∏ß‡∏î|661126185500||||1||||