
0006684|20231126|23|Z480|1|ว33985|3361000024778|661126080606
0006684|20231126|23|9357|2|ว69577|3361000024778|661126080606
0372662|20231126|20|K219|1|ว33985|3360400222932|661126082915
0120289|20231126|18|M7711|1|ว33980|3361000633022|661126083922
0120289|20231126|18|M77|4|ว33980|3361000633022|661126083922
0150716|20231126|18|M7711|1|ว33980|3670300309669|661126084011
0150716|20231126|18|U779|2|ว33980|3670300309669|661126084011
0150716|20231126|18|M77|4|ว33980|3670300309669|661126084011
0105411|20231126|18|M7606|1|ว33980|3361000454322|661126092755
0105411|20231126|18|U779|2|ว33980|3361000454322|661126092755
0105411|20231126|18|M76|4|ว33980|3361000454322|661126092755
0006912|20231126|18|M7606|1|ว33980|3360100232690|661126094759
0006912|20231126|18|U779|2|ว33980|3360100232690|661126094759
0006912|20231126|18|M76|4|ว33980|3360100232690|661126094759
0200502|20231126|18|M7711|1|ว33980|3361000017046|661126101734
0200502|20231126|18|U779|2|ว33980|3361000017046|661126101734
0200502|20231126|18|M77|4|ว33980|3361000017046|661126101734
0007693|20231126|23|Z480|1|ว33985|3361001023333|661126102151
0009517|20231126|18|M5455|1|ว33980|3361000559710|661126124727
0009517|20231126|18|U779|2|ว33980|3361000559710|661126124727
0009517|20231126|18|M54|4|ว33980|3361000559710|661126124727
0204052|20231126|20|J118|1|ว33985|1368400109568|661126132640
0002082|20231126|20|M512|1|ว33985|3361001044829|661126134133
0003201|20231126|18|M7711|1|ว33980|3361000638971|66112613440

0003201|20231126|18|U779|2|ว33980|3361000638971|661126134
00
0003201|20231126|18|M77|4|ว33980|3361000638971|6611261
0002
0002881|20231126|18|M7711|1|ว33980|3361000559728|66112
000288
0002881|20231126|18|M77|4|ว33980|3361000559728|661
0066487|
0066487|20231126|20|A090|1|ว33985|1361000178442|6
0223971|20
0223971|20231126|23|Z242|1|ว33985|3400500367273
0063747|2023
0063747|20231126|01|J029|1|ว33985|13610000842
0111981|202311
0111981|20231126|01|R42|1|ว33985|336100017
0239500|20231126
0239500|20231126|05|J00|1|ว33985|1409904230026|661126185500